X,Y
4.663,3.903
3.395,6.69
5.235,5.675
3.023,6.268
5.405,6.699
2.973,3.03
5.507,3.896
4.767,5.113
4.648,4.952
4.991,4.237
3.424,6.759
2.078,6.834
5.351,3.887
5.559,3.05
3.316,4.75
4.622,5.693
2.319,3.886
5.103,4.225
4.15,5.288
5.922,5.885
3.801,5.715
2.826,5.815
4.628,3.718
3.228,4.382
2.164,5.172
3.629,4.671
3.335,6.53
3.094,3.115
3.149,3.011
5.337,5.132
4.717,6.446
3.466,6.05
4.301,4.249
3.404,6.277
3.871,4.085
2.873,5.124
2.827,4.811
4.128,6.404
2.062,4.668
4.398,3.929
2.29,6.016
5.624,5.856
2.561,3.891
5.852,6.093
4.935,4.342
5.206,4.545
5.601,6.031
2.749,3.822
2.525,4.431
3.315,3.443
5.506,5.291
2.264,3.517
2.357,6.778
4.41,4.235
5.725,4.852
3.717,3.194
3.852,4.329
5.807,6.901
2.771,6.839
2.387,3.848
4.55,3.963
2.904,6.188
5.368,6.338
3.223,6.445
5.059,6.627
5.451,5.686
5.786,6.407
5.765,3.223
2.126,3.88
3.019,3.992
4.767,6.087
5.18,4.954
5.149,6.186
4.844,4.732
5.879,3.121
4.479,3.37
4.26,6.428
3.268,5.332
3.113,3.196
2.392,5.772
4.972,5.291
2.638,6.94
5.583,3.846
4.226,5.715
5.055,3.481
2.169,4.636
3.1,6.968
3.873,5.245
4.978,5.565
5.319,5.924
4.526,4.284
2.992,6.346
5.661,3.565
4.043,5.92
2.846,6.426
2.817,6.102
4.543,4.782
5.765,3.43
5.739,4.671
